              precision    recall  f1-score   support

           0       0.46      0.33      0.39        63
           1       1.00      1.00      1.00        63
           2       1.00      1.00      1.00        63
           3       0.00      0.00      0.00        63
           4       0.53      0.89      0.66        63
           5       1.00      0.98      0.99        63
           6       1.00      1.00      1.00        63
           7       1.00      1.00      1.00        63
           8       0.50      0.94      0.65        63
           9       0.36      0.33      0.34        63
          10       0.85      1.00      0.92        63
          11       1.00      1.00      1.00        63
          12       0.36      0.06      0.11        63
          13       1.00      0.97      0.98        63
          14       1.00      1.00      1.00        63
          15       0.47      0.76      0.58        63
          16       0.96      0.81      0.88        63
          17       1.00      1.00      1.00        63
          18       1.00      1.00      1.00        63
          19       1.00      1.00      1.00        63
          20       0.98      1.00      0.99        63
          21       1.00      1.00      1.00        63

    accuracy                           0.82      1386
   macro avg       0.79      0.82      0.80      1386
weighted avg       0.79      0.82      0.80      1386
