              precision    recall  f1-score   support

           0       0.77      0.16      0.26        63
           1       1.00      1.00      1.00        63
           2       1.00      1.00      1.00        63
           3       0.59      0.86      0.70        63
           4       0.12      0.03      0.05        63
           5       0.98      1.00      0.99        63
           6       1.00      1.00      1.00        63
           7       1.00      1.00      1.00        63
           8       1.00      0.90      0.95        63
           9       0.65      0.27      0.38        63
          10       1.00      0.98      0.99        63
          11       0.97      1.00      0.98        63
          12       0.90      1.00      0.95        63
          13       1.00      0.98      0.99        63
          14       1.00      1.00      1.00        63
          15       0.51      0.94      0.66        63
          16       1.00      0.79      0.88        63
          17       1.00      1.00      1.00        63
          18       1.00      1.00      1.00        63
          19       0.38      1.00      0.56        63
          20       1.00      1.00      1.00        63
          21       0.44      0.17      0.25        63

    accuracy                           0.82      1386
   macro avg       0.83      0.82      0.80      1386
weighted avg       0.83      0.82      0.80      1386
