              precision    recall  f1-score   support

           0       0.71      0.79      0.75        63
           1       1.00      1.00      1.00        63
           2       1.00      1.00      1.00        63
           3       0.60      0.60      0.60        63
           4       1.00      0.97      0.98        63
           5       1.00      0.95      0.98        63
           6       1.00      1.00      1.00        63
           7       1.00      1.00      1.00        63
           8       0.97      0.97      0.97        63
           9       0.57      0.51      0.54        63
          10       0.98      1.00      0.99        63
          11       1.00      1.00      1.00        63
          12       0.97      1.00      0.98        63
          13       1.00      1.00      1.00        63
          14       1.00      1.00      1.00        63
          15       0.76      0.75      0.75        63
          16       0.98      1.00      0.99        63
          17       1.00      1.00      1.00        63
          18       1.00      1.00      1.00        63
          19       0.97      1.00      0.98        63
          20       1.00      1.00      1.00        63
          21       1.00      1.00      1.00        63

    accuracy                           0.93      1386
   macro avg       0.93      0.93      0.93      1386
weighted avg       0.93      0.93      0.93      1386
