              precision    recall  f1-score   support

           0       0.77      0.89      0.82        63
           1       1.00      1.00      1.00        63
           2       1.00      1.00      1.00        63
           3       0.60      0.87      0.71        63
           4       1.00      1.00      1.00        63
           5       1.00      0.95      0.98        63
           6       1.00      1.00      1.00        63
           7       1.00      0.95      0.98        63
           8       0.90      1.00      0.95        63
           9       0.86      0.49      0.63        63
          10       1.00      0.98      0.99        63
          11       1.00      1.00      1.00        63
          12       0.95      0.94      0.94        63
          13       1.00      1.00      1.00        63
          14       0.98      1.00      0.99        63
          15       0.81      0.67      0.73        63
          16       0.98      1.00      0.99        63
          17       1.00      0.98      0.99        63
          18       1.00      1.00      1.00        63
          19       1.00      1.00      1.00        63
          20       1.00      1.00      1.00        63
          21       1.00      0.98      0.99        63

    accuracy                           0.94      1386
   macro avg       0.95      0.94      0.94      1386
weighted avg       0.95      0.94      0.94      1386
