              precision    recall  f1-score   support

           0       0.77      0.34      0.48       125
           1       1.00      0.68      0.81       124
           2       1.00      1.00      1.00       125
           3       0.68      1.00      0.81       124
           4       0.57      0.99      0.73       125
           5       1.00      1.00      1.00       124
           6       1.00      1.00      1.00       125
           7       1.00      1.00      1.00       124
           8       1.00      1.00      1.00       124
           9       1.00      0.17      0.29       124
          10       0.99      1.00      1.00       125
          11       1.00      0.92      0.96       125
          12       0.76      1.00      0.86       125
          13       1.00      1.00      1.00       124
          14       0.00      0.00      0.00       125
          15       0.76      0.90      0.82       125
          16       1.00      0.99      1.00       125
          17       0.48      1.00      0.65       125
          18       1.00      1.00      1.00       124
          19       1.00      0.91      0.95       125
          20       1.00      0.99      1.00       125
          21       0.92      1.00      0.96       125

    accuracy                           0.86      2742
   macro avg       0.86      0.86      0.83      2742
weighted avg       0.86      0.86      0.83      2742
