              precision    recall  f1-score   support

           0       0.80      0.06      0.12        63
           1       1.00      1.00      1.00        63
           2       1.00      1.00      1.00        63
           3       0.59      0.30      0.40        63
           4       0.63      0.98      0.77        63
           5       0.85      1.00      0.92        63
           6       1.00      1.00      1.00        63
           7       1.00      1.00      1.00        63
           8       0.97      0.97      0.97        63
           9       0.61      0.86      0.71        63
          10       0.84      0.83      0.83        63
          11       1.00      1.00      1.00        63
          12       0.97      0.95      0.96        63
          13       0.98      1.00      0.99        63
          14       1.00      1.00      1.00        63
          15       0.46      0.65      0.54        63
          16       1.00      0.81      0.89        63
          17       1.00      1.00      1.00        63
          18       1.00      1.00      1.00        63
          19       1.00      0.97      0.98        63
          20       1.00      1.00      1.00        63
          21       0.91      1.00      0.95        63

    accuracy                           0.88      1386
   macro avg       0.89      0.88      0.87      1386
weighted avg       0.89      0.88      0.87      1386
