              precision    recall  f1-score   support

           0       0.67      0.75      0.71        63
           1       1.00      1.00      1.00        63
           2       1.00      1.00      1.00        63
           3       0.51      1.00      0.68        63
           4       0.82      0.94      0.87        63
           5       1.00      0.98      0.99        63
           6       1.00      1.00      1.00        63
           7       1.00      1.00      1.00        63
           8       0.98      1.00      0.99        63
           9       0.33      0.02      0.03        63
          10       0.93      1.00      0.96        63
          11       1.00      1.00      1.00        63
          12       1.00      0.98      0.99        63
          13       0.98      1.00      0.99        63
          14       1.00      1.00      1.00        63
          15       0.73      0.75      0.74        63
          16       0.98      0.86      0.92        63
          17       1.00      1.00      1.00        63
          18       1.00      1.00      1.00        63
          19       1.00      0.98      0.99        63
          20       1.00      1.00      1.00        63
          21       1.00      0.79      0.88        63

    accuracy                           0.91      1386
   macro avg       0.91      0.91      0.90      1386
weighted avg       0.91      0.91      0.90      1386
